(0000,history        ,40)
(0000,art            ,20 130 140 150 120 130 140 150 120 140)
(0000,cosmetics      ,30 140 150 120 130 140 150 120 140)
(0000,entertainment  ,40 150 120 130 140 150 120 140)
(0000,sports         ,50 120 130 140 150 120 140)
(0000,photography    ,20 130 140 150 120 140)
(0001,cosmetics      ,30 140 150 120 140)
(0001,entertainment  ,40 150 120 140)
(0001,sports         ,50 120 140)
(0001,photography    ,20 140)
(0001,history        ,40)
(0001,art            ,20 140 130 140)
(0022,entertainment  ,40 130 140)
(0022,cosmetics      ,30 140)
(0022,history        ,40)
(0022,sports         ,50 120 150 120 150 120 130 140)
(0022,photography    ,20 150 120 150 120 130 140)
(0022,art            ,20 150 120 130 140)
(0333,sports         ,50 120 130 140)
(0333,photography    ,20 130 140)
(0333,cosmetics      ,30 140)
(0333,history        ,40)
(0333,entertainment  ,40 150 120 120 130 150 140)
(0333,art            ,20 120 130 150 140)
(4444,photography    ,20 130 150 140)
(4444,cosmetics      ,30 150 140)
(4444,sports         ,50 140)
(4444,history        ,40)
(4444,entertainment  ,40 150 120 140)
(4444,art            ,20 140)
(5555,history        ,40)
(5555,art            ,20 130 120 150 1-10140 120 190)
(5555,cosmetics      ,30 120 150 1-10140 120 190)
(5555,photography    ,20 150 1-10140 120 190)
(5555,sports         ,50 1-10140 120 190)
(5555,entertainment  ,40 120 190)
(6666,photography    ,20 190)
(6666,sports         ,90)
(6666,history        ,40)
(6666,entertainment  ,40 150 120 130 140 1)
(6666,art            ,20 130 140 1)
(6666,cosmetics      ,30 140 1)
